10
1
100

9.53001
8.98266
10.6882
8.94752
9.25904
10.8308
10.2712
9.28053
8.88593
10.3054
10.6063
9.29523
9.90364
10.6638
8.28125
10.5371
10.8509
8.203
10.0724
9.27109
11.558
10.7691
11.0222
10.8796
10.4893
9.45801
11.3135
11.4122
10.5096
10.4044
10.2499
10.079
9.08669
10.3837
9.33782
9.81539
12.0402
9.54858
8.60332
9.98088
8.88781
10.5618
8.77146
9.80515
9.01368
8.90997
9.77654
10.627
8.48326
9.76365
9.21582
8.6528
11.1991
10.5458
10.8265
10.9236
10.1798
9.72408
9.32756
11.2668
12.8143
10.4085
9.36596
11.115
7.92527
9.17783
10.5296
11.356
9.17751
10.3131
10.3234
9.68266
9.45256
11.7893
10.9575
10.4002
8.74805
8.01945
9.84207
10.2211
11.4329
9.79319
9.45819
11.6589
9.77658
9.11405
11.8867
9.54417
7.3095
11.1585
12.0561
9.84137
10.2955
10.7944
10.6174
10.0536
9.97293
8.29334
11.8839
9.98471

10.0461
1.03059

10.0461
1.03059
