50
1000

58.1357
31.9202
21.7956
13.9007
6.96607
46.2034
46.9576
25.2957
43.5402
59.703
113.45
43.3956
12.8409
10.1145
18.246
5.88443
37.0922
37.7653
105.92
123.702
112.398
68.0685
51.4196
37.7746
15.2949
37.289
82.4869
9.64691
33.881
12.9059
82.5953
19.6565
8.08779
21.9133
22.1185
0.809885
13.1991
84.0876
24.1678
48.1163
2.07294
15.9792
7.92497
29.5078
6.26213
24.2159
0.994521
56.2209
10.6906
24.1993
18.5544
20.6606
7.21183
7.64567
118.916
13.6785
1.7252
103.146
11.755
16.0861
11.2022
62.6473
76.1467
129.167
38.5037
51.6031
227.478
132.052
20.3174
27.296
63.6073
48.3754
136.509
4.402
50.2363
79.2724
44.2681
15.1631
68.8237
31.516
48.7566
17.8214
104.046
65.4448
41.0947
26.977
49.583
161.947
32.3811
46.8717
21.5116
9.75495
15.9609
18.4675
8.72201
35.0319
43.0821
13.0183
16.5046
32.4694
19.3547
10.6285
32.4243
25.2065
0.379094
33.3248
133.43
89.8615
86.4598
9.42355
9.08569
10.2298
75.3378
45.5694
17.4572
47.0023
56.2875
19.9142
117.547
18.4522
211.097
0.929973
84.5449
45.1987
30.0675
81.001
159.62
36.1075
28.1663
3.7864
34.5802
62.449
3.17691
94.5765
7.19573
6.71794
22.8297
31.6763
6.51968
120.166
12.721
6.69871
21.0394
94.4392
55.2121
38.3345
98.2379
0.970936
187.103
49.1444
9.83432
53.0164
37.7253
29.3569
34.5896
7.58016
15.2061
6.41735
95.8976
136.736
6.876
6.21149
45.1323
174.254
18.9243
25.1605
7.17578
2.33191
17.7295
70.9843
34.0018
56.1874
156.719
7.92739
54.2596
57.8024
26.6813
0.359132
2.0996
33.4498
134.762
4.08603
24.7839
193.664
79.9227
46.7018
5.42649
47.0191
83.8784
16.3816
70.1083
5.01146
15.0786
124.352
49.5539
2.40196
227.518
9.21054
16.1706
272.439
49.6755
66.8097
72.3279
68.7205
113.266
5.69716
95.6712
12.8392
143.489
17.5619
42.829
28.6758
11.2584
21.8797
16.0305
35.7514
9.6131
61.9368
4.42735
5.62836
102.279
29.6641
42.7568
86.3345
8.06756
341.315
99.5505
25.8845
102.674
38.8009
64.2986
53.0299
27.293
8.57987
19.855
89.943
3.58288
187.426
80.4171
20.6034
20.774
52.1491
51.204
98.6859
3.51017
50.3472
3.59356
42.2719
66.5857
123.53
41.6373
26.2387
5.92006
56.8933
121.804
52.6163
24.7145
21.01
9.89968
6.67712
77.6181
54.8181
89.2918
1.09051
234.845
55.7224
114.93
5.07507
60.4768
4.22872
19.46
71.2318
25.3331
124.997
142.782
148.25
15.9303
7.15328
21.733
74.7994
26.1872
26.1511
91.5521
43.3342
2.64785
4.52213
43.1678
80.1159
6.92697
19.3211
41.9839
15.9907
19.9829
83.9715
23.805
40.552
15.1217
18.2326
10.9799
17.2179
31.2316
60.3648
15.0014
53.3546
42.7231
8.63007
167.24
11.6286
117.292
72.8167
51.448
4.0207
53.0703
80.5736
2.91842
19.7929
4.36476
259.096
1.40686
7.71673
45.4457
138.105
139.9
24.8019
41.8215
13.1338
11.8389
89.1833
13.0726
55.2127
54.5307
9.75519
6.72734
65.5342
13.0135
121.13
54.9739
3.84418
126.421
69.418
15.3534
30.037
52.8739
31.9071
9.93493
168.764
33.0882
119.514
42.664
34.3191
121.377
9.32271
1.81562
75.7916
23.1928
1.14197
61.7516
57.5938
34.1206
14.7333
0.220371
57.8894
7.93448
117.957
3.79986
84.4671
16.4867
0.725871
217.771
112.134
1.49978
26.5464
13.6474
53.4223
51.5851
18.4419
24.7585
13.9808
39.9659
41.6468
0.0577466
25.289
21.7633
44.1498
75.4283
176.85
51.4905
9.44458
88.4312
0.112219
15.4436
94.5658
21.4078
7.44253
4.74311
25.9621
44.0992
27.477
91.5565
45.1465
3.92402
13.9036
88.4979
17.5015
150.058
70.1904
14.8001
65.2655
24.4814
107.191
79.4665
11.0145
0.373023
47.2767
47.714
60.2266
34.2275
46.4932
36.6704
32.3105
92.7478
28.1598
44.9611
85.683
45.5328
44.7937
7.54005
25.6925
19.862
163.131
2.54737
54.5093
52.4003
35.549
36.9623
42.287
23.9927
76.5618
8.84598
12.5156
54.2665
72.3446
2.83371
55.8791
68.5047
11.5863
115.522
88.2762
24.1443
78.6267
10.8523
123.316
2.83436
201.127
51.5215
14.7438
158.135
21.8504
229.333
49.9696
1.92176
154.794
0.965515
47.3866
118.061
0.0943097
3.64572
14.7831
164.991
35.5091
12.1303
16.5178
87.5977
23.5947
54.8072
4.82814
12.4767
46.67
7.4489
9.70101
92.5217
168.907
11.8307
9.16783
8.69778
64.935
17.9008
67.0937
109.269
5.9049
45.9979
133.653
21.9737
56.864
9.21025
136.485
2.16611
88.8277
6.72581
61.0878
22.7153
74.3777
24.6011
462.73
41.2113
20.0535
90.1417
13.9804
21.1201
118.414
8.71125
5.00645
26.1823
15.211
39.51
86.343
32.9513
21.4773
24.9096
26.6149
26.8635
16.3032
31.3363
9.32247
2.23404
2.23431
57.8144
126.559
16.1972
0.445972
24.6869
5.0283
36.276
3.03558
73.7617
57.3227
33.6741
130.692
14.5509
272.329
11.5679
46.4769
14.0881
32.3007
57.5347
97.7269
18.1774
5.54207
91.226
9.91042
124.975
4.63183
50.9611
9.6932
23.6317
42.5752
36.6062
5.61159
15.0244
16.0703
208.197
162.997
11.237
63.4785
100.139
29.806
41.5798
19.6639
34.8796
39.1501
27.2693
88.4475
21.1156
32.7698
14.8264
15.1605
107.191
41.7415
57.8928
0.166789
107.446
52.7505
125.543
52.921
4.4995
12.3422
9.90023
75.4687
10.3417
39.0608
18.3717
5.07557
75.7703
6.30528
133.126
34.106
12.3895
331.241
21.2867
22.7419
250.529
73.2665
89.8161
127.469
51.6433
30.6466
213.686
25.3616
94.2374
42.5531
20.7054
16.5868
16.9006
31.3337
20.5911
125.546
49.4314
0.419669
41.7537
54.2759
24.5074
32.1648
33.3726
12.0675
24.1564
74.4751
28.1241
160.534
85.0181
26.3361
1.33242
54.3176
38.8728
38.3596
151.07
0.406848
31.3903
83.0427
15.4466
100.891
88.968
0.0831206
112.277
3.80765
4.23455
11.4917
16.0152
23.8002
131.746
6.91332
60.1406
45.903
17.9793
39.0412
24.8919
87.3442
24.8835
4.41367
43.5722
180.234
56.6223
87.2434
15.0678
49.8265
4.63229
17.2923
71.0146
130.444
19.3642
0.585112
24.8877
3.95831
86.8219
55.0224
6.64903
26.5249
38.0178
33.3709
80.2625
35.9956
19.4926
42.8341
57.372
8.43791
26.0136
220.629
10.2978
59.0107
15.0875
89.869
117.065
7.11096
49.7864
8.80068
63.3229
114.508
1.5968
3.9543
73.8851
73.3153
5.25404
46.8327
38.1449
42.2517
20.1314
13.5591
51.184
8.41507
78.4167
94.1628
24.4255
179.598
64.2329
82.3836
5.43486
22.7448
34.2051
0.272342
127.313
5.56975
110.339
33.0688
124.24
2.96685
132.569
243.296
159.432
66.8798
121.495
5.41624
93.4059
0.918292
38.2022
10.8158
36.693
9.73963
9.00572
18.9267
27.6039
1.00058
4.6404
29.289
59.0967
22.5061
1.14172
30.75
4.74107
45.7335
36.3867
14.7571
72.4999
15.9197
29.8608
87.5858
22.501
4.26038
10.391
75.8986
28.3784
54.5346
9.54776
17.7189
31.9742
33.4063
37.1307
40.4629
19.7592
27.5439
22.8006
6.1185
26.8856
213.847
15.6989
122.859
74.5798
119.459
5.18269
25.4996
26.1508
125.043
47.4532
125.67
23.6657
35.0728
54.867
32.6833
31.3246
50.8795
45.3651
4.40534
19.4416
67.1629
81.9814
52.0617
56.9042
97.0036
53.6946
7.67338
1.70219
90.6271
63.1288
8.95959
64.6325
13.4216
9.36748
33.9003
8.37902
4.37318
30.5635
37.8866
46.2214
54.7072
72.7473
38.2239
24.4075
70.3712
83.0958
11.4168
1.06303
15.5385
15.444
26.5413
11.2924
10.5693
139.324
6.38466
56.9248
115.152
20.1336
12.3227
49.9552
11.8862
108.063
80.8846
112.103
19.637
138.455
52.7136
1.5696
57.034
2.92368
35.7921
29.763
63.4535
25.4709
101.52
30.7307
39.5496
17.0141
23.9901
56.9977
15.1978
64.2194
6.98033
34.7228
21.7892
11.1464
53.5022
8.83903
3.16224
1.22421
71.8892
51.6916
20.3682
23.5908
22.0998
12.6518
72.9079
1.76485
106.462
58.3859
124.578
35.8137
35.5135
8.22615
6.23357
4.16433
24.4211
20.6599
162.224
38.8675
3.2663
181.588
14.711
3.17602
47.201
71.3911
66.7173
59.6641
42.1639
4.12589
13.1083
19.211
70.0336
20.0084
17.9804
1.24973
72.6535
37.181
65.5552
24.7326
74.0636
121.549
4.94489
0.00834844
50.7774
11.6438
4.93314
25.8366
14.255
120.468
13.8868
372.369
2.7649
8.00517
57.1095
10.3982
21.9574
37.4658
171.169
8.11198
45.1309
80.9232
6.43485
174.717
60.494
131.267
16.9608
60.3538
110.593
46.1787
9.56859
19.7327
25.657
18.5567
5.65963
90.8519
143.057
66.7801
32.4262
50.6341
61.7089
8.4184
71.5505
68.6712
48.9362
144.571
4.72912
7.5434
30.9463
33.1861
41.0815
18.314
20.3304
56.6146
85.1545
22.8385
6.06849
98.9232
42.4925
46.9535
76.027
222.809
28.8902
32.4548
121.74
82.1422
68.934
141.147
25.763
40.693
5.38254
19.8968
29.9169
75.2347
44.9193
12.6823
21.4597
85.3759
44.2049
19.5857
39.6991
71.0367
158.166
9.3425
37.0801
152.087
60.9731
12.8549
72.1064
9.16294
38.1191
5.15813
9.14496
57.9972
38.4563
0.896352
52.3361
33.6955
53.8747

49.3413
