1
1000

-4.57727
-0.852968
0.226926
0.365465
0.260388
-0.854026
0.565443
1.1898
-0.4928
0.144573
-0.00101906
-1.20854
0.595365
0.635271
1.30585
-3.91352
0.620145
-0.0348416
0.156318
-0.518329
-0.951095
-0.182128
0.265938
1.22387
0.991408
0.868199
0.242823
-0.505082
-3.13131
1.09239
-3.16673
5.17331
-0.327993
-0.179114
-0.341962
-0.527274
0.012269
-1.51536
-0.647115
-0.389594
-0.376029
-3.00031
1.85128
-1.01907
2.14538
-1.7172
1.29943
-1.99569
-0.312183
1.36943
-2.79949
0.206993
-0.33868
1.27089
0.719098
-0.50143
-0.32442
0.0177141
-2.17979
-0.527386
0.0316107
0.957874
-0.153272
-0.441464
-0.839939
1.77611
0.0212829
0.351951
-0.781781
-1.6598
-1.52796
-0.382514
1.20401
0.0562786
0.455038
1.22327
-0.185848
4.36741
0.0390143
0.467969
1.91578
0.154525
-3.55738
0.291991
2.009
0.281597
0.835336
0.00436159
2.61772
0.0951478
-3.25453
1.85922
-0.0253106
1.51824
-3.38266
-0.0215884
0.166943
-1.87585
1.69427
-1.8946
-0.308471
-0.148375
-0.277936
1.57143
-0.0780887
0.728996
-0.623854
-2.05496
1.25111
-0.930502
-0.121866
-0.0399329
-1.01669
-2.22551
-2.2874
0.849118
0.562075
0.189747
1.69134
-1.70052
0.638476
0.29627
2.32015
0.0199066
0.636716
-0.293398
-1.62024
0.605811
0.384269
0.169516
0.387553
-2.29479
1.59863
-0.961767
-1.79952
-0.143852
-1.01468
-1.37259
0.325733
1.65659
0.160815
2.8617
2.76559
4.31479
-0.433079
0.460215
0.126023
-2.23227
-2.45457
2.36366
-0.3165
2.14534
-1.58613
2.31943
-0.333557
-0.401364
0.759461
0.582919
0.524135
-1.57869
-0.312844
-1.17884
-0.0619635
0.438774
0.44334
1.38884
0.805879
-0.624985
0.705027
1.40053
0.0711724
-0.660891
-3.17168
-0.703215
0.366414
-0.734926
-0.491904
1.98417
0.0778637
-1.44346
-2.6244
-1.12195
0.69831
-0.791929
-0.873234
1.10421
0.247157
-0.23398
-1.62617
-1.84284
-1.71917
2.28175
1.23531
0.270375
1.16752
-0.477461
-0.346915
-1.68832
-0.299351
-0.212614
0.191772
1.13352
1.88677
-0.876686
6.72162
-0.648822
-1.70212
0.612032
-0.286486
-0.034768
0.0317058
1.37379
1.33564
0.739134
-1.01429
-2.48336
2.31695
-0.333274
-0.00161838
0.959352
-0.166514
0.169362
0.57734
0.417155
-1.73856
-1.58464
-1.38452
-0.672288
0.160471
-3.43529
1.46636
1.25952
0.155378
0.978119
0.156106
1.45535
-1.46508
0.00969759
-1.51926
-1.13624
-1.04877
0.605487
-0.134086
2.22056
-0.692743
0.688407
-0.407388
-0.336465
-0.437164
-0.742118
-0.00672037
0.0096048
-0.575739
0.679717
1.44786
-1.38255
-0.301353
-0.736985
-0.931939
-3.34984
1.86808
0.0458472
-1.49327
-1.07235
0.439824
-0.58157
-0.660229
-2.11869
-2.36595
0.89724
-0.806499
0.0875237
-1.49385
-1.57717
-0.190441
0.845358
2.92959
0.164469
-0.166212
-1.36465
0.939513
0.959165
-0.491494
-0.826685
-1.1943
-1.33732
1.97036
4.80262
0.741235
0.259777
1.33275
0.665495
-0.674746
0.296405
0.0685379
1.49652
1.25131
0.225302
-0.47009
0.27185
-0.468679
1.73285
-0.176328
-1.47404
0.203728
-0.97536
1.15063
2.17342
0.662313
0.0893216
-0.625525
2.37547
1.05445
0.522352
1.03327
0.326697
-1.87252
1.57262
-1.54018
-0.243794
1.06376
3.24072
-1.11221
0.83834
0.317319
0.625784
-0.494446
-0.338322
-0.191826
2.14629
-0.849641
0.0504035
-0.626788
-1.03781
-1.68212
-0.0511659
1.95287
-0.0316674
-0.0892102
-3.56983
-0.609091
2.07019
2.14294
-2.773
-1.00369
-0.485313
0.157526
0.723806
-0.638981
1.01924
-0.136785
0.36712
-0.111148
-0.571562
0.409218
-0.667788
1.13945
-1.32223
-0.379158
-0.0171944
0.827316
-0.352343
1.76163
-1.40228
-0.920276
1.40597
-0.622644
-1.09889
0.609682
0.944891
-0.292512
0.145989
0.632606
1.4281
0.225492
0.774036
0.53088
0.234275
1.24648
-0.167322
1.2056
1.09301
-0.444712
-0.181407
-1.25107
0.792456
3.94542
3.31597
-0.500211
0.596363
-0.213585
-1.33513
-0.0705652
3.18052
-1.01491
1.54617
-0.554812
-2.04583
2.52574
2.65064
-0.924748
0.403856
-0.664817
0.903072
-2.15979
-1.03324
-0.122022
-0.535671
-0.0517007
0.147677
0.883199
0.109167
1.50146
0.287366
0.184334
0.652624
-0.400756
-0.238884
-1.14709
-0.686099
-0.194999
-0.00887765
-0.279585
0.559432
0.994789
-0.089306
-1.37532
0.124764
-0.0755816
0.436801
-0.6293
0.319433
-0.171476
0.074119
0.813068
-1.1947
-0.290736
1.01947
0.162422
0.93135
-1.85438
-0.477528
0.333609
-0.876981
-0.578659
-0.987809
-0.577262
-0.187046
-0.9775
0.0943103
2.66879
0.0196323
-0.52978
-2.81978
0.0708334
-0.88392
-0.355378
1.92803
-1.24678
4.24312
4.2395
0.18626
-0.39777
-0.552251
-0.94074
4.18402
-2.7978
-1.19826
-0.976303
1.62309
-1.57952
-1.44427
-3.54338
-0.273146
-1.3952
1.8194
0.570973
1.1324
-0.614663
-0.509113
0.0307463
0.795809
0.404772
2.04973
-0.165055
0.997057
1.30557
2.60726
-1.95866
-3.63942
0.506998
-1.58927
1.25501
-0.0784536
1.16205
-0.145158
-0.157109
1.23901
-0.555925
1.17175
-0.561342
0.642596
-0.328627
-0.286747
-2.1184
-4.55885
-0.0926485
0.0928383
-0.550637
0.231005
0.132827
-1.47707
0.546739
0.765026
1.18586
1.25826
-0.024037
0.940753
0.833729
-0.21579
-2.87314
-0.266186
2.06476
0.0776343
0.842384
-0.496752
0.291874
-1.46034
1.70798
-0.167307
-0.298376
-0.264881
-1.32811
1.14644
1.14139
-1.24447
0.67605
-0.889439
2.04118
-1.95218
-0.337809
-0.615047
4.58797
0.769857
-0.219717
-2.61277
0.51702
-3.0511
-0.276601
0.0533985
0.748948
-0.331837
-0.857502
-0.210162
-0.439677
1.2877
1.48648
1.51107
0.0629542
-0.912571
-1.49096
4.95655
2.07302
-0.0631764
-2.08128
0.707357
-1.66579
0.42844
0.513842
-0.397712
-0.0944993
0.193726
0.520433
-1.79353
0.0808221
0.88974
3.37296
-0.470403
0.0870057
0.974659
0.0963231
1.32772
4.02204
3.0991
0.0418338
0.50586
0.114406
-1.65398
0.599893
0.0939656
2.26669
-3.28592
3.16288
2.71453
-0.18913
-0.502862
0.0993638
1.84774
1.31871
-1.71207
-2.44869
0.335566
0.727447
0.331508
-2.19281
-0.599291
-0.463729
2.5068
-1.60424
0.242597
-0.580286
-0.908837
1.43655
-2.56996
1.11671
0.264648
-0.977947
0.634546
-0.241095
1.85386
-0.688962
0.194899
-0.680379
-0.637034
1.24445
0.565191
0.371734
-0.0242759
-0.156255
-0.0343326
0.166199
-0.230877
-0.573854
-1.85808
-0.264833
0.238862
-0.699727
-0.776413
-0.0543779
0.0141378
-0.0985977
-0.406735
-1.57769
0.0752711
1.01531
-0.879055
0.95517
0.300966
-0.858665
-0.573717
-1.30962
-1.21746
-0.150777
-1.21703
-0.0775206
1.60209
-0.985016
-0.23897
3.06504
1.29271
-0.0123911
0.138472
0.25765
0.386832
-1.63759
0.30551
0.232801
0.0655134
-0.0667223
1.52145
0.402335
-1.22151
-0.262919
-0.966701
1.23537
0.796808
0.28235
-2.87742
-0.320816
-0.971406
-0.867184
-0.753334
4.56811
-2.07392
0.439018
0.056702
0.343031
2.21413
-0.0948349
2.98147
0.780741
2.00235
0.276552
-0.0947001
0.450614
0.682325
-2.00206
1.21644
-0.0791241
-0.402662
-0.408473
0.101531
2.12362
0.10494
-0.0186504
-1.55603
-0.391678
3.25846
-3.48537
-0.787858
0.13586
-0.215399
-0.0171295
-0.0304043
-1.18141
0.342655
-3.46256
0.0173765
-0.201308
0.64168
0.274144
-0.148666
0.720068
0.0865517
-0.344279
-0.153495
-1.79614
1.39659
-1.86798
0.0802003
0.137207
-0.585137
-1.20288
-0.0576373
0.126253
-1.75254
-0.52514
0.718857
-0.493522
0.0439995
-1.13067
-0.208795
-0.409802
-1.8313
-0.286004
2.61684
-0.100527
-0.0940379
0.253745
-2.23042
-1.85484
0.230773
-0.139531
-0.00708437
-0.123833
0.282521
1.10054
0.284524
-1.20404
0.110241
-0.418458
-1.44617
-1.32237
-0.563718
0.0590725
0.18842
1.02074
0.747947
1.47289
-0.665822
-0.0449971
-0.710798
-0.986561
2.40584
-1.9529
-0.495606
-0.323069
0.279411
-0.142569
-0.0770455
0.287414
0.923323
2.20006
0.546914
-0.960913
0.519876
-0.478311
-0.503801
-1.37788
0.566341
1.39669
3.66838
-0.625419
-0.247729
-0.458755
-0.326159
-1.5239
-0.671583
1.46761
-0.417194
-0.797178
0.891215
0.733339
1.16421
-2.39965
0.359019
-0.599987
0.340581
0.376779
1.43863
-0.67807
0.539032
1.81967
-0.682698
-0.107087
-4.16881
0.134413
-1.85898
-0.169384
0.205498
-1.50097
-1.16541
0.35478
-2.44645
-0.0955053
-1.48644
-0.0946101
-2.57057
0.291059
-0.531881
-0.276662
-0.16374
-3.13184
0.295306
0.887048
0.831462
0.597429
0.561226
-1.19852
-0.43292
0.905637
-1.02151
0.00615853
1.3755
0.292966
0.250051
-0.511017
2.73509
1.81402
0.430332
-2.27518
2.15804
-0.136118
0.000725992
0.595276
5.4864
-0.167687
0.396566
1.02467
0.458497
0.327762
0.418704
0.755851
0.273434
0.487658
-0.951726
-0.146326
-0.639793
1.68937
-0.634811
0.120241
-0.858059
-0.827997
2.14183
0.341761
-0.115435
-1.67533
1.28384
-0.719998
0.576692
1.74664
-0.113293
0.680487
0.148761
-0.0357697
0.363695
-2.60996
-1.55849
-2.15611
-0.271791
-0.397214
1.92366
-3.45464
-4.30003
-0.266342
2.57419
0.990499
0.0558237
-1.81411
0.674744
0.991994
-1.19771
1.17276
-0.873232
-0.489097
1.2351
-1.13267
2.50979
0.619898
-1.58422
0.901719
0.652857
1.69338
0.339124
-1.93422
-1.08814
1.24363
-0.828068
0.050792
1.26337
0.222224
0.452642
-0.228391
1.24208
-0.102528
0.161826
-0.74157
2.28947
0.401019
0.125139
0.608264
-0.249263
-0.133477
0.0289335
0.449846
-1.16361
-0.00195544
1.90275
2.31326
2.70437
0.978676
0.202563
-0.609338
-0.311881
0.919778
0.165428
0.808348
3.27107
0.00330305
-0.62718
-0.477845
-1.48366
0.233022
-1.61727
0.315104
0.710469
-0.133955
-2.68176
-0.245506
1.19204
0.220365
0.341481
1.49712
0.0745791
-0.589267
0.978829
-0.262516
1.1069
-0.400277
-0.32863
-0.515369
-0.0563914
-0.288848
-0.282603
1.17576
0.00670365
0.51375
1.83336
0.774481
-0.241721
1.63948
0.119078
-1.8896
0.0716257
-0.951479
1.90707
0.0900493
-0.308991
-0.483386
1.14844
0.264946
0.0962095
1.20545
-0.2332
0.976787
-0.053535
-1.87693
-1.95375
1.11629
-0.607537
