0.5
1000

-0.37424
-0.763345
0.0448229
-0.387409
1.47235
2.84171
7.06795
-1.90621
2.04841
-3.34818
-6.23837
-0.141585
-1.63264
-7.36859
-7.00363
1.04546
4.83134
19.028
-20.0779
-6.41537
-1.26916
2.33347
14.7265
1.16673
0.487294
-0.531896
5.95526
6.12215
-0.542648
-6.45258
-0.96078
-16.3194
-24.843
0.526342
1.15665
-0.0862097
-2.56153
2.47442
9.47337
15.1937
-5.1342
1.26197
5.86007
1.24626
-6.43752
-1.1409
-1.15747
8.97864
-2.3841
-1.17683
9.98839
-3.81079
0.972469
-18.1804
-13.7051
-1.92956
-1.07999
-0.791558
-3.35523
-2.48616
-1.32574
13.739
3.08285
-3.49423
-6.42594
-0.0897106
0.277904
63.201
-3.92912
-2.58545
5.43408
-0.528908
0.550873
0.340377
-0.881128
-1.58326
0.182942
0.799249
-4.22481
13.9759
-0.459845
-1.53516
-5.36484
-0.293999
0.738545
0.325799
-0.956216
0.278725
-1.41923
-1.40747
0.591425
11.7492
-0.00735057
-3.16678
-1.99841
-44.7319
-3.79841
-0.565159
24.5634
2.52957
0.451752
-20.1581
-5.10218
2.61711
-0.434307
-0.0447281
-1.4823
43.6605
-6.3084
-4.62718
-1.13846
0.310457
-1.9766
4.67508
-5.31486
-2.39082
5.86474
21.133
11.767
-7.9099
-26.2508
0.415318
-0.530884
-3.54966
0.0528061
1.31017
0.379021
-8.49038
-23.6439
38.0867
16.8433
1.08523
5.2222
-10.2123
32.5907
-0.169076
15.5794
5.42247
0.444421
-5.25579
-17.6487
-3.37077
0.915335
-9.50549
-10.2873
0.166318
-16.3214
-25.6158
-0.244918
-6.13413
-9.98979
-0.877913
31.9587
0.73066
18.0066
9.4693
5.29249
0.588833
1.23863
0.17276
0.164028
1.28214
6.22726
1.65515
-31.1792
0.208671
-0.0214866
0.141035
-5.08936
3.81447
4.2823
1.50264
2.17066
-0.899367
2.8803
-27.9046
-2.65957
-2.87187
0.0401717
-3.44504
-8.78161
-1.42004
-15.3988
10.6836
-2.20961
7.57693
-24.2218
-3.41045
2.06169
-5.50808
14.8472
0.678212
-0.570812
1.9645
1.12914
9.17282
9.18139
-3.95472
-7.44679
1.79129
-15.3235
5.09878
0.344205
-0.0360196
0.526726
-5.80771
-3.48041
-0.336981
-2.9831
-5.85162
8.28099
-29.5065
3.74268
-2.95329
1.22795
1.07855
-19.3946
-2.87314
11.5914
17.0977
-12.5376
-0.328477
0.451439
16.6468
5.31085
4.32218
-9.04533
2.85114
2.26648
-1.13749
-3.99255
0.848244
-6.73779
0.943609
5.80984
-2.97821
-9.88871
4.25722
-16.528
-13.3183
-5.58782
-1.54241
0.113405
2.0453
-6.42331
-4.16716
-1.20764
-16.6309
0.988005
2.95049
-5.2251
-0.01512
-14.767
-4.52863
-1.92372
-0.608595
-2.86722
27.4932
1.68636
5.54215
1.57989
-0.323793
0.445978
-12.6997
-2.82721
0.289331
-2.45877
-3.35009
-4.0196
-9.14397
-1.21059
13.1145
-0.310244
-0.937802
2.49793
-4.59282
17.2522
-0.359102
17.5157
11.7565
9.04742
4.33957
0.614959
-0.0249306
-1.32581
-2.94901
-18.8835
2.12148
-0.838208
-4.9235
-10.9052
-2.3995
1.40941
14.9468
-0.359307
-0.237875
-0.445045
-8.93615
0.393224
2.74961
-11.619
0.277536
-5.12213
-0.2056
-36.4548
0.65235
11.639
-22.4854
3.22341
0.765646
0.0858976
-1.25739
0.00765805
-18.7779
-2.12106
-0.240691
-12.2186
-2.1672
-0.609892
1.7242
0.209785
18.208
0.716967
-0.395587
-0.661434
-5.8956
-3.55024
-8.29605
0.00146932
0.236298
5.1943
2.33547
12.9135
-27.7799
-2.04485
4.41335
0.0796589
-0.120774
0.238668
8.14859
0.349251
0.416645
31.0594
-1.46552
-3.65287
-4.39083
0.526429
-2.50917
9.0376
-29.6368
0.89606
-5.42408
8.94776
-56.7078
6.34236
-2.54608
-6.21551
-0.468098
2.77955
0.440891
-13.466
11.5603
-32.4438
13.5112
0.545058
-0.19894
4.28942
8.2091
-0.651001
-0.290436
0.802507
37.7514
0.272467
2.75584
66.0555
-1.63793
-2.7037
8.57359
-5.07856
-0.13963
14.7041
-3.23526
-5.42018
6.02861
1.28908
-3.18434
-1.74896
-15.858
-9.56039
0.136437
6.91167
0.812359
0.733771
-0.0137853
-2.83572
-1.95049
7.18828
-5.17462
-25.2143
2.49148
11.0903
-6.47256
3.00907
-2.74628
-1.7854
-2.86677
1.52431
10.7684
-2.99096
-0.961975
0.694059
10.9681
-45.7798
5.3512
-12.7048
-0.263179
0.241295
2.91231
1.67203
-12.8031
-0.0188951
15.9649
-1.13999
-1.4477
0.497902
-14.3692
1.09452
-6.04306
-9.35605
-2.25469
-1.513
-3.79679
1.3494
0.237701
1.9552
-1.38299
4.46944
2.389
0.460449
8.54171
-5.8497
-5.33909
-0.622929
29.5772
-0.596098
3.60574
-0.565007
-2.22186
1.56207
2.01134
-4.47305
4.5732
-3.58041
0.523779
-1.23998
14.0822
-5.66187
-0.62656
19.8545
14.4568
-4.85674
6.45477
1.18577
-1.48646
-29.4393
-8.63995
2.16468
3.70996
0.563929
-1.74615
2.15815
2.61381
-20.2801
-2.83305
1.07202
-5.93105
12.7815
-0.587378
2.9036
0.241028
5.27461
-0.117267
-10.1921
-1.60369
4.15434
-9.87308
-3.51119
-2.58087
2.71776
0.443453
2.42406
0.548506
36.9933
27.2668
-4.55158
-3.35173
-6.3386
-0.0749739
-1.51046
-4.86572
3.31244
0.264883
-15.3091
3.14173
4.7375
2.80537
-3.433
5.51282
-0.201736
20.5013
46.1142
-1.56467
9.79606
-0.854581
-0.290378
-4.71029
1.4816
-0.310414
-25.9571
-2.02972
0.724963
-0.222794
-7.28002
-3.06406
4.89626
8.52922
1.03999
-8.94768
-0.350462
8.85245
0.0315575
-5.84902
-0.0333752
-0.328295
0.693141
6.79354
0.252985
-2.06843
-0.17414
-0.414348
-23.323
0.458738
9.8947
6.37484
2.77302
-18.9297
0.244601
-0.132769
-19.9516
-1.15749
11.5977
0.0350283
1.96549
3.4976
0.185881
-1.34989
-18.773
-3.64482
0.187892
0.906305
9.49215
5.30348
0.209591
-0.710908
0.3726
0.978148
0.655894
2.62613
-10.8033
7.60578
0.163178
-2.06079
4.03282
0.569949
-4.73967
-3.00347
-2.56838
4.02948
5.15926
1.28617
10.2791
8.94563
3.08196
1.2092
0.395795
0.872438
0.544239
-0.424491
0.943819
-1.1012
-1.42545
-9.39424
0.494756
-4.69461
-0.361618
1.22959
3.4228
-2.27919
-0.0414103
-2.08713
-0.200006
1.49784
5.44155
6.37167
2.65243
-8.94675
-5.75914
-5.63126
-7.65518
18.4874
-4.82326
26.3495
0.327966
1.86364
-0.0244789
5.7377
0.775306
-0.409306
-1.80755
-0.0266085
-20.1023
0.829247
14.1016
-0.439808
-2.5246
0.263948
-2.23694
0.850493
-3.66001
7.13365
5.65965
25.5798
2.71086
-0.0719267
-33.3382
-8.92105
-1.76102
3.27248
-1.74734
2.69526
-1.8687
-23.4213
-1.63458
15.1204
7.68005
-1.48612
7.72463
-5.10455
0.462233
0.695886
-4.96669
7.03251
0.638585
-1.11261
0.104326
-7.1239
12.5677
0.226929
20.0359
0.685809
8.20924
4.2071
12.5845
-34.5508
-3.23054
5.19534
2.9574
-9.70923
-2.68821
10.3358
7.28007
3.93126
-2.07326
11.5561
3.10676
30.3077
0.141536
-0.241231
5.33803
0.0737462
-1.77892
0.543665
9.29717
13.8609
-1.10336
0.814326
-0.649798
5.91309
-1.20237
1.84768
0.11434
0.044569
2.72707
0.997694
-13.4967
-5.32505
3.97225
-0.150052
1.11505
-3.26198
-1.47403
6.15072
1.32773
-2.09416
4.02527
-0.633671
-0.0684222
-1.3907
4.28653
-1.56456
2.03478
8.13757
-3.77692
9.17238
29.3749
-1.24282
3.96615
13.4957
-5.19785
26.58
0.80338
-9.47856
1.91442
-4.66411
2.14715
6.00805
-1.88025
7.18037
0.848935
10.4439
1.15078
22.8625
-28.3936
-0.0602549
-4.86894
-3.20742
-6.44602
4.5114
0.324138
10.2636
3.17885
-15.1696
9.79963
-0.254038
6.90214
-10.3218
-2.30052
-2.71861
-0.825191
5.49726
13.8947
0.516257
-5.96189
3.0479
-0.384864
0.718714
1.04252
-0.0229772
3.51019
-3.02388
3.89892
-0.364514
1.26011
-3.66632
1.93535
3.27209
0.562523
-5.27017
3.59557
-6.13949
3.6209
14.1957
11.6604
2.98133
-0.0910144
4.65207
-0.453753
54.9056
0.179111
1.02608
-2.19991
-1.63729
22.8714
-4.38692
-6.45524
3.34179
-0.502825
0.146977
9.48433
-1.07222
-5.10239
10.3483
-21.3776
0.573804
-4.06115
8.65187
-21.4518
3.53403
3.42897
0.141197
-7.16311
16.8029
10.0447
13.1236
0.0280936
2.18163
-4.30485
12.9785
33.4504
19.1344
33.2203
-1.25001
-2.12192
30.7051
9.92085
-6.9015
-3.11355
0.127921
-0.0151945
0.20297
-0.128451
-1.10017
67.6066
-6.02188
4.02104
-3.46477
-0.532884
5.02293
0.0565314
4.74187
2.56578
-1.09824
6.51883
-2.58672
10.0173
5.10325
-0.380478
4.27959
-6.27944
1.3794
-2.68667
-2.03249
-0.355371
8.99943
8.46313
-2.83894
-5.04559
-0.575007
-0.125063
-0.322002
-3.37233
-0.9675
0.744705
-15.8515
0.0717181
12.6625
-1.12838
-0.106405
3.69197
-1.74506
-1.45971
-1.14662
6.0397
-1.31679
-43.2777
-5.12695
-4.34265
9.53687
-6.04512
-3.94346
35.2619
9.60538
3.31975
0.399777
-13.0306
5.56493
3.82052
12.2266
0.874914
-0.108356
2.34706
13.3124
1.00554
10.6568
-1.61203
-4.46759
1.59239
-0.41336
-5.07006
-2.822
-10.762
-0.768802
-3.39529
-4.02188
1.02308
2.16328
2.12787
-0.176905
1.42458
8.44144
3.86357
-4.11829
-0.892257
1.29409
-0.0213919
0.106408
0.342515
-6.55696
1.89109
-1.45
0.598682
-4.90222
-0.0687733
-1.82693
-0.920161
-1.38725
-4.15599
-23.7368
0.481154
0.390468
17.4592
0.0538109
32.8546
-10.79
0.135106
-10.9261
5.83157
-2.72396
23.453
-0.12104
-0.211779
-14.9147
2.48245
0.265722
-0.291249
0.0881922
-0.488642
-19.5152
-7.12428
-9.83928
1.24439
-0.823234
6.54336
25.6362
-5.48872
-1.75568
18.4557
-12.6092
-6.66112
8.06904
3.46783
6.44012
-0.356295
-7.23245
-1.23701
0.767148
-12.3416
-2.33763
-3.16768
-19.5744
0.263638
6.00463
-2.09561
-4.03336
-0.598819
0.745861
-8.69897
1.98573
-7.37812
-2.88732
3.06214
17.6047
2.15502
-36.7773
0.33427
-47.5053
1.23002
-6.35218
-0.172565
3.83521
-4.67897
0.495231
-10.0321
6.38381
13.1149
0.929365
1.93512
-0.221429
3.91474
16.3615
-3.12165
-0.312464
-1.71443
11.2893
1.7575
0.354859
0.00548558
0.910562
5.53294
-2.46677

0.55
