1
0.5
1001
-56.7078
67.6066

-56.7078
-56.5835
-56.4592
-56.3349
-56.2105
-56.0862
-55.9619
-55.8376
-55.7133
-55.589
-55.4647
-55.3403
-55.216
-55.0917
-54.9674
-54.8431
-54.7188
-54.5945
-54.4701
-54.3458
-54.2215
-54.0972
-53.9729
-53.8486
-53.7243
-53.5999
-53.4756
-53.3513
-53.227
-53.1027
-52.9784
-52.8541
-52.7297
-52.6054
-52.4811
-52.3568
-52.2325
-52.1082
-51.9839
-51.8595
-51.7352
-51.6109
-51.4866
-51.3623
-51.238
-51.1137
-50.9893
-50.865
-50.7407
-50.6164
-50.4921
-50.3678
-50.2435
-50.1191
-49.9948
-49.8705
-49.7462
-49.6219
-49.4976
-49.3733
-49.2489
-49.1246
-49.0003
-48.876
-48.7517
-48.6274
-48.5031
-48.3787
-48.2544
-48.1301
-48.0058
-47.8815
-47.7572
-47.6329
-47.5085
-47.3842
-47.2599
-47.1356
-47.0113
-46.887
-46.7626
-46.6383
-46.514
-46.3897
-46.2654
-46.1411
-46.0168
-45.8924
-45.7681
-45.6438
-45.5195
-45.3952
-45.2709
-45.1466
-45.0222
-44.8979
-44.7736
-44.6493
-44.525
-44.4007
-44.2764
-44.152
-44.0277
-43.9034
-43.7791
-43.6548
-43.5305
-43.4062
-43.2818
-43.1575
-43.0332
-42.9089
-42.7846
-42.6603
-42.536
-42.4116
-42.2873
-42.163
-42.0387
-41.9144
-41.7901
-41.6658
-41.5414
-41.4171
-41.2928
-41.1685
-41.0442
-40.9199
-40.7956
-40.6712
-40.5469
-40.4226
-40.2983
-40.174
-40.0497
-39.9254
-39.801
-39.6767
-39.5524
-39.4281
-39.3038
-39.1795
-39.0552
-38.9308
-38.8065
-38.6822
-38.5579
-38.4336
-38.3093
-38.185
-38.0606
-37.9363
-37.812
-37.6877
-37.5634
-37.4391
-37.3148
-37.1904
-37.0661
-36.9418
-36.8175
-36.6932
-36.5689
-36.4446
-36.3202
-36.1959
-36.0716
-35.9473
-35.823
-35.6987
-35.5744
-35.45
-35.3257
-35.2014
-35.0771
-34.9528
-34.8285
-34.7042
-34.5798
-34.4555
-34.3312
-34.2069
-34.0826
-33.9583
-33.8339
-33.7096
-33.5853
-33.461
-33.3367
-33.2124
-33.0881
-32.9637
-32.8394
-32.7151
-32.5908
-32.4665
-32.3422
-32.2179
-32.0935
-31.9692
-31.8449
-31.7206
-31.5963
-31.472
-31.3477
-31.2233
-31.099
-30.9747
-30.8504
-30.7261
-30.6018
-30.4775
-30.3531
-30.2288
-30.1045
-29.9802
-29.8559
-29.7316
-29.6073
-29.4829
-29.3586
-29.2343
-29.11
-28.9857
-28.8614
-28.7371
-28.6127
-28.4884
-28.3641
-28.2398
-28.1155
-27.9912
-27.8669
-27.7425
-27.6182
-27.4939
-27.3696
-27.2453
-27.121
-26.9967
-26.8723
-26.748
-26.6237
-26.4994
-26.3751
-26.2508
-26.1265
-26.0021
-25.8778
-25.7535
-25.6292
-25.5049
-25.3806
-25.2563
-25.1319
-25.0076
-24.8833
-24.759
-24.6347
-24.5104
-24.3861
-24.2617
-24.1374
-24.0131
-23.8888
-23.7645
-23.6402
-23.5159
-23.3915
-23.2672
-23.1429
-23.0186
-22.8943
-22.77
-22.6457
-22.5213
-22.397
-22.2727
-22.1484
-22.0241
-21.8998
-21.7754
-21.6511
-21.5268
-21.4025
-21.2782
-21.1539
-21.0296
-20.9052
-20.7809
-20.6566
-20.5323
-20.408
-20.2837
-20.1594
-20.035
-19.9107
-19.7864
-19.6621
-19.5378
-19.4135
-19.2892
-19.1648
-19.0405
-18.9162
-18.7919
-18.6676
-18.5433
-18.419
-18.2946
-18.1703
-18.046
-17.9217
-17.7974
-17.6731
-17.5488
-17.4244
-17.3001
-17.1758
-17.0515
-16.9272
-16.8029
-16.6786
-16.5542
-16.4299
-16.3056
-16.1813
-16.057
-15.9327
-15.8084
-15.684
-15.5597
-15.4354
-15.3111
-15.1868
-15.0625
-14.9382
-14.8138
-14.6895
-14.5652
-14.4409
-14.3166
-14.1923
-14.068
-13.9436
-13.8193
-13.695
-13.5707
-13.4464
-13.3221
-13.1978
-13.0734
-12.9491
-12.8248
-12.7005
-12.5762
-12.4519
-12.3276
-12.2032
-12.0789
-11.9546
-11.8303
-11.706
-11.5817
-11.4574
-11.333
-11.2087
-11.0844
-10.9601
-10.8358
-10.7115
-10.5872
-10.4628
-10.3385
-10.2142
-10.0899
-9.96558
-9.84126
-9.71695
-9.59264
-9.46832
-9.34401
-9.21969
-9.09538
-8.97106
-8.84675
-8.72243
-8.59812
-8.47381
-8.34949
-8.22518
-8.10086
-7.97655
-7.85223
-7.72792
-7.60361
-7.47929
-7.35498
-7.23066
-7.10635
-6.98203
-6.85772
-6.7334
-6.60909
-6.48478
-6.36046
-6.23615
-6.11183
-5.98752
-5.8632
-5.73889
-5.61457
-5.49026
-5.36595
-5.24163
-5.11732
-4.993
-4.86869
-4.74437
-4.62006
-4.49574
-4.37143
-4.24712
-4.1228
-3.99849
-3.87417
-3.74986
-3.62554
-3.50123
-3.37691
-3.2526
-3.12829
-3.00397
-2.87966
-2.75534
-2.63103
-2.50671
-2.3824
-2.25808
-2.13377
-2.00946
-1.88514
-1.76083
-1.63651
-1.5122
-1.38788
-1.26357
-1.13925
-1.01494
-0.890626
-0.766311
-0.641997
-0.517683
-0.393368
-0.269054
-0.144739
-0.0204249
0.10389
0.228204
0.352518
0.476833
0.601147
0.725462
0.849776
0.974091
1.0984
1.22272
1.34703
1.47135
1.59566
1.71998
1.84429
1.96861
2.09292
2.21723
2.34155
2.46586
2.59018
2.71449
2.83881
2.96312
3.08744
3.21175
3.33606
3.46038
3.58469
3.70901
3.83332
3.95764
4.08195
4.20627
4.33058
4.45489
4.57921
4.70352
4.82784
4.95215
5.07647
5.20078
5.3251
5.44941
5.57372
5.69804
5.82235
5.94667
6.07098
6.1953
6.31961
6.44393
6.56824
6.69255
6.81687
6.94118
7.0655
7.18981
7.31413
7.43844
7.56276
7.68707
7.81138
7.9357
8.06001
8.18433
8.30864
8.43296
8.55727
8.68159
8.8059
8.93021
9.05453
9.17884
9.30316
9.42747
9.55179
9.6761
9.80041
9.92473
10.049
10.1734
10.2977
10.422
10.5463
10.6706
10.7949
10.9192
11.0436
11.1679
11.2922
11.4165
11.5408
11.6651
11.7894
11.9138
12.0381
12.1624
12.2867
12.411
12.5353
12.6596
12.784
12.9083
13.0326
13.1569
13.2812
13.4055
13.5298
13.6542
13.7785
13.9028
14.0271
14.1514
14.2757
14.4
14.5244
14.6487
14.773
14.8973
15.0216
15.1459
15.2702
15.3946
15.5189
15.6432
15.7675
15.8918
16.0161
16.1405
16.2648
16.3891
16.5134
16.6377
16.762
16.8863
17.0107
17.135
17.2593
17.3836
17.5079
17.6322
17.7565
17.8809
18.0052
18.1295
18.2538
18.3781
18.5024
18.6267
18.7511
18.8754
18.9997
19.124
19.2483
19.3726
19.4969
19.6213
19.7456
19.8699
19.9942
20.1185
20.2428
20.3671
20.4915
20.6158
20.7401
20.8644
20.9887
21.113
21.2373
21.3617
21.486
21.6103
21.7346
21.8589
21.9832
22.1075
22.2319
22.3562
22.4805
22.6048
22.7291
22.8534
22.9777
23.1021
23.2264
23.3507
23.475
23.5993
23.7236
23.8479
23.9723
24.0966
24.2209
24.3452
24.4695
24.5938
24.7181
24.8425
24.9668
25.0911
25.2154
25.3397
25.464
25.5883
25.7127
25.837
25.9613
26.0856
26.2099
26.3342
26.4585
26.5829
26.7072
26.8315
26.9558
27.0801
27.2044
27.3287
27.4531
27.5774
27.7017
27.826
27.9503
28.0746
28.199
28.3233
28.4476
28.5719
28.6962
28.8205
28.9448
29.0692
29.1935
29.3178
29.4421
29.5664
29.6907
29.815
29.9394
30.0637
30.188
30.3123
30.4366
30.5609
30.6852
30.8096
30.9339
31.0582
31.1825
31.3068
31.4311
31.5554
31.6798
31.8041
31.9284
32.0527
32.177
32.3013
32.4256
32.55
32.6743
32.7986
32.9229
33.0472
33.1715
33.2958
33.4202
33.5445
33.6688
33.7931
33.9174
34.0417
34.166
34.2904
34.4147
34.539
34.6633
34.7876
34.9119
35.0362
35.1606
35.2849
35.4092
35.5335
35.6578
35.7821
35.9064
36.0308
36.1551
36.2794
36.4037
36.528
36.6523
36.7766
36.901
37.0253
37.1496
37.2739
37.3982
37.5225
37.6468
37.7712
37.8955
38.0198
38.1441
38.2684
38.3927
38.517
38.6414
38.7657
38.89
39.0143
39.1386
39.2629
39.3872
39.5116
39.6359
39.7602
39.8845
40.0088
40.1331
40.2574
40.3818
40.5061
40.6304
40.7547
40.879
41.0033
41.1277
41.252
41.3763
41.5006
41.6249
41.7492
41.8735
41.9979
42.1222
42.2465
42.3708
42.4951
42.6194
42.7437
42.8681
42.9924
43.1167
43.241
43.3653
43.4896
43.6139
43.7383
43.8626
43.9869
44.1112
44.2355
44.3598
44.4841
44.6085
44.7328
44.8571
44.9814
45.1057
45.23
45.3543
45.4787
45.603
45.7273
45.8516
45.9759
46.1002
46.2245
46.3489
46.4732
46.5975
46.7218
46.8461
46.9704
47.0947
47.2191
47.3434
47.4677
47.592
47.7163
47.8406
47.9649
48.0893
48.2136
48.3379
48.4622
48.5865
48.7108
48.8351
48.9595
49.0838
49.2081
49.3324
49.4567
49.581
49.7053
49.8297
49.954
50.0783
50.2026
50.3269
50.4512
50.5755
50.6999
50.8242
50.9485
51.0728
51.1971
51.3214
51.4457
51.5701
51.6944
51.8187
51.943
52.0673
52.1916
52.3159
52.4403
52.5646
52.6889
52.8132
52.9375
53.0618
53.1862
53.3105
53.4348
53.5591
53.6834
53.8077
53.932
54.0564
54.1807
54.305
54.4293
54.5536
54.6779
54.8022
54.9266
55.0509
55.1752
55.2995
55.4238
55.5481
55.6724
55.7968
55.9211
56.0454
56.1697
56.294
56.4183
56.5426
56.667
56.7913
56.9156
57.0399
57.1642
57.2885
57.4128
57.5372
57.6615
57.7858
57.9101
58.0344
58.1587
58.283
58.4074
58.5317
58.656
58.7803
58.9046
59.0289
59.1532
59.2776
59.4019
59.5262
59.6505
59.7748
59.8991
60.0234
60.1478
60.2721
60.3964
60.5207
60.645
60.7693
60.8936
61.018
61.1423
61.2666
61.3909
61.5152
61.6395
61.7638
61.8882
62.0125
62.1368
62.2611
62.3854
62.5097
62.634
62.7584
62.8827
63.007
63.1313
63.2556
63.3799
63.5042
63.6286
63.7529
63.8772
64.0015
64.1258
64.2501
64.3744
64.4988
64.6231
64.7474
64.8717
64.996
65.1203
65.2446
65.369
65.4933
65.6176
65.7419
65.8662
65.9905
66.1149
66.2392
66.3635
66.4878
66.6121
66.7364
66.8607
66.9851
67.1094
67.2337
67.358
67.4823
67.6066

0.00232934
0.00234647
0.00236375
0.00238118
0.00239875
0.00241646
0.00243433
0.00245234
0.00247051
0.00248883
0.0025073
0.00252593
0.00254472
0.00256367
0.00258278
0.00260205
0.00262148
0.00264108
0.00266084
0.00268078
0.00270088
0.00272115
0.0027416
0.00276223
0.00278303
0.00280401
0.00282517
0.00284651
0.00286803
0.00288974
0.00291164
0.00293373
0.00295601
0.00297848
0.00300114
0.00302401
0.00304707
0.00307033
0.0030938
0.00311747
0.00314135
0.00316544
0.00318973
0.00321424
0.00323897
0.00326391
0.00328908
0.00331446
0.00334007
0.00336591
0.00339197
0.00341827
0.00344479
0.00347156
0.00349856
0.0035258
0.00355329
0.00358102
0.003609
0.00363723
0.00366571
0.00369445
0.00372345
0.0037527
0.00378222
0.00381201
0.00384207
0.0038724
0.003903
0.00393388
0.00396504
0.00399649
0.00402822
0.00406024
0.00409255
0.00412516
0.00415807
0.00419128
0.00422479
0.00425862
0.00429275
0.0043272
0.00436196
0.00439705
0.00443246
0.00446821
0.00450428
0.00454069
0.00457743
0.00461452
0.00465196
0.00468975
0.00472789
0.00476639
0.00480525
0.00484447
0.00488406
0.00492403
0.00496438
0.0050051
0.00504622
0.00508772
0.00512962
0.00517191
0.00521461
0.00525772
0.00530123
0.00534517
0.00538952
0.0054343
0.00547952
0.00552516
0.00557125
0.00561778
0.00566476
0.0057122
0.0057601
0.00580846
0.0058573
0.00590661
0.0059564
0.00600667
0.00605744
0.00610871
0.00616048
0.00621276
0.00626556
0.00631888
0.00637272
0.0064271
0.00648202
0.00653748
0.00659349
0.00665006
0.0067072
0.00676491
0.00682319
0.00688206
0.00694152
0.00700158
0.00706225
0.00712353
0.00718542
0.00724795
0.00731111
0.00737491
0.00743936
0.00750446
0.00757024
0.00763668
0.00770381
0.00777163
0.00784014
0.00790936
0.00797929
0.00804995
0.00812134
0.00819347
0.00826635
0.00833999
0.00841439
0.00848958
0.00856555
0.00864232
0.00871989
0.00879828
0.0088775
0.00895755
0.00903845
0.00912021
0.00920284
0.00928635
0.00937074
0.00945604
0.00954225
0.00962939
0.00971746
0.00980648
0.00989646
0.00998741
0.0100793
0.0101723
0.0102662
0.0103612
0.0104572
0.0105542
0.0106523
0.0107515
0.0108518
0.0109532
0.0110557
0.0111593
0.0112641
0.0113701
0.0114772
0.0115855
0.011695
0.0118058
0.0119178
0.0120311
0.0121456
0.0122614
0.0123786
0.012497
0.0126168
0.012738
0.0128606
0.0129845
0.0131099
0.0132367
0.013365
0.0134948
0.013626
0.0137588
0.0138931
0.014029
0.0141665
0.0143056
0.0144463
0.0145886
0.0147326
0.0148784
0.0150258
0.015175
0.015326
0.0154788
0.0156333
0.0157898
0.0159481
0.0161083
0.0162705
0.0164346
0.0166006
0.0167688
0.0169389
0.0171111
0.0172855
0.0174619
0.0176406
0.0178214
0.0180044
0.0181898
0.0183774
0.0185674
0.0187597
0.0189544
0.0191516
0.0193513
0.0195535
0.0197582
0.0199655
0.0201755
0.0203881
0.0206034
0.0208215
0.0210424
0.0212662
0.0214928
0.0217224
0.021955
0.0221905
0.0224292
0.022671
0.0229159
0.0231641
0.0234156
0.0236704
0.0239286
0.0241902
0.0244553
0.024724
0.0249963
0.0252722
0.0255519
0.0258354
0.0261228
0.026414
0.0267093
0.0270086
0.0273121
0.0276197
0.0279316
0.0282479
0.0285685
0.0288937
0.0292234
0.0295578
0.0298969
0.0302409
0.0305897
0.0309435
0.0313024
0.0316665
0.0320358
0.0324104
0.0327906
0.0331763
0.0335676
0.0339647
0.0343676
0.0347765
0.0351915
0.0356127
0.0360403
0.0364742
0.0369147
0.0373619
0.0378159
0.0382768
0.0387448
0.03922
0.0397025
0.0401926
0.0406903
0.0411957
0.0417092
0.0422307
0.0427605
0.0432988
0.0438457
0.0444013
0.044966
0.0455397
0.0461229
0.0467155
0.047318
0.0479303
0.0485529
0.0491858
0.0498293
0.0504837
0.0511491
0.0518259
0.0525142
0.0532143
0.0539266
0.0546512
0.0553884
0.0561386
0.056902
0.057679
0.0584698
0.0592748
0.0600943
0.0609287
0.0617783
0.0626435
0.0635247
0.0644222
0.0653366
0.0662681
0.0672172
0.0681845
0.0691702
0.070175
0.0711993
0.0722437
0.0733086
0.0743946
0.0755023
0.0766323
0.0777852
0.0789616
0.0801622
0.0813877
0.0826387
0.0839161
0.0852206
0.086553
0.0879141
0.0893049
0.0907261
0.0921789
0.093664
0.0951826
0.0967358
0.0983247
0.0999503
0.101614
0.103317
0.105061
0.106847
0.108676
0.110551
0.0999352
0.101506
0.103111
0.104749
0.106422
0.108132
0.109879
0.111664
0.113488
0.115353
0.11726
0.11921
0.121205
0.123245
0.125333
0.127469
0.129656
0.131895
0.134188
0.136536
0.138942
0.141407
0.143933
0.146524
0.14918
0.151905
0.1547
0.157569
0.160515
0.163539
0.166646
0.169838
0.173119
0.176493
0.179963
0.183534
0.187209
0.190994
0.194893
0.198911
0.203054
0.207328
0.211739
0.216294
0.221001
0.225866
0.230899
0.236108
0.241503
0.247096
0.252897
0.25892
0.265178
0.271686
0.278462
0.285525
0.292894
0.300594
0.308651
0.317094
0.325958
0.335281
0.34511
0.355499
0.36651
0.378224
0.390737
0.404172
0.418694
0.434533
0.452036
0.471806
0.495355
0.521012
0.54176
0.559921
0.57626
0.591186
0.604957
0.617758
0.629722
0.640955
0.651541
0.661547
0.671032
0.680042
0.688619
0.696799
0.704613
0.712089
0.71925
0.726118
0.732712
0.739051
0.745149
0.751021
0.756681
0.76214
0.76741
0.772499
0.777418
0.782176
0.78678
0.791238
0.795556
0.799742
0.8038
0.807738
0.81156
0.81527
0.818875
0.822378
0.825783
0.829094
0.832315
0.835449
0.8385
0.841471
0.844365
0.847184
0.849932
0.852611
0.855222
0.85777
0.860255
0.86268
0.865047
0.867358
0.869614
0.871818
0.873971
0.876074
0.87813
0.880139
0.882104
0.884025
0.885903
0.887741
0.889539
0.891298
0.89302
0.894705
0.896355
0.89797
0.899552
0.888823
0.890713
0.892557
0.894357
0.896114
0.897831
0.899507
0.901145
0.902746
0.904311
0.905841
0.907337
0.9088
0.910231
0.911632
0.913003
0.914345
0.915658
0.916944
0.918204
0.919438
0.920647
0.921831
0.922991
0.924129
0.925244
0.926337
0.927409
0.92846
0.929491
0.930502
0.931494
0.932467
0.933422
0.934359
0.935279
0.936182
0.937069
0.937939
0.938794
0.939633
0.940458
0.941267
0.942063
0.942844
0.943612
0.944367
0.945108
0.945837
0.946553
0.947257
0.947949
0.94863
0.949299
0.949957
0.950604
0.95124
0.951866
0.952482
0.953088
0.953683
0.95427
0.954847
0.955414
0.955973
0.956522
0.957064
0.957596
0.95812
0.958636
0.959145
0.959645
0.960137
0.960622
0.9611
0.96157
0.962033
0.96249
0.962939
0.963382
0.963818
0.964247
0.964671
0.965088
0.965499
0.965904
0.966303
0.966696
0.967083
0.967465
0.967842
0.968213
0.968579
0.968939
0.969295
0.969645
0.969991
0.970331
0.970667
0.970998
0.971325
0.971647
0.971965
0.972278
0.972587
0.972892
0.973193
0.973489
0.973782
0.974071
0.974355
0.974636
0.974913
0.975187
0.975457
0.975723
0.975986
0.976245
0.976501
0.976754
0.977003
0.977249
0.977492
0.977731
0.977968
0.978202
0.978432
0.97866
0.978884
0.979106
0.979325
0.979541
0.979755
0.979966
0.980174
0.98038
0.980583
0.980783
0.980981
0.981177
0.98137
0.98156
0.981749
0.981935
0.982119
0.9823
0.98248
0.982657
0.982832
0.983005
0.983176
0.983344
0.983511
0.983676
0.983839
0.983999
0.984158
0.984315
0.984471
0.984624
0.984776
0.984925
0.985073
0.98522
0.985364
0.985507
0.985648
0.985788
0.985926
0.986062
0.986197
0.986331
0.986462
0.986593
0.986721
0.986849
0.986974
0.987099
0.987222
0.987343
0.987464
0.987583
0.9877
0.987816
0.987931
0.988045
0.988158
0.988269
0.988379
0.988487
0.988595
0.988701
0.988806
0.98891
0.989013
0.989115
0.989216
0.989315
0.989414
0.989511
0.989607
0.989703
0.989797
0.98989
0.989982
0.990074
0.990164
0.990253
0.990342
0.990429
0.990516
0.990601
0.990686
0.99077
0.990853
0.990935
0.991016
0.991096
0.991176
0.991254
0.991332
0.991409
0.991486
0.991561
0.991636
0.99171
0.991783
0.991855
0.991927
0.991998
0.992068
0.992137
0.992206
0.992274
0.992341
0.992408
0.992474
0.992539
0.992604
0.992668
0.992731
0.992794
0.992856
0.992918
0.992979
0.993039
0.993098
0.993158
0.993216
0.993274
0.993331
0.993388
0.993444
0.9935
0.993555
0.993609
0.993663
0.993717
0.99377
0.993822
0.993874
0.993926
0.993977
0.994027
0.994077
0.994127
0.994176
0.994224
0.994272
0.99432
0.994367
0.994414
0.99446
0.994506
0.994551
0.994596
0.99464
0.994684
0.994728
0.994771
0.994814
0.994857
0.994899
0.99494
0.994981
0.995022
0.995063
0.995103
0.995143
0.995182
0.995221
0.99526
0.995298
0.995336
0.995373
0.99541
0.995447
0.995484
0.99552
0.995556
0.995591
0.995627
0.995661
0.995696
0.99573
0.995764
0.995798
0.995831
0.995864
0.995897
0.995929
0.995961
0.995993
0.996025
0.996056
0.996087
0.996118
0.996148
0.996178
0.996208
0.996238
0.996267
0.996296
0.996325
0.996353
0.996382
0.99641
0.996438
0.996465
0.996493
0.99652
0.996546
0.996573
0.996599
0.996626
0.996651
0.996677
0.996703
0.996728
0.996753
0.996778
0.996802
0.996827
0.996851
0.996875
0.996898
0.996922
0.996945
0.996968
0.996991
0.997014
0.997037
0.997059
0.997081
0.997103
0.997125
0.997146
0.997168
0.997189
0.99721
0.997231
0.997252
0.997272
0.997292
0.997313
0.997333
0.997352
0.997372
0.997392
0.997411
0.99743
0.997449
0.997468
0.997487
0.997505
0.997523
0.997542
0.99756
0.997578
0.997595
0.997613
0.997631
0.997648
0.997665
0.997682
0.997699
0.997716
0.997732
0.997749
0.997765
0.997781
0.997797
0.997813
0.997829
0.997845
0.997861
0.997876
0.997891
0.997906
0.997921
0.997936
0.997951
0.997966
0.997981
0.997995
0.998009
0.998024
0.998038
0.998052
0.998066
0.998079
0.998093
0.998107
0.99812
0.998133
0.998147
0.99816
0.998173
0.998186
0.998198
0.998211
0.998224
0.998236
0.998249
0.998261
0.998273
0.998285
0.998297
0.998309
0.998321
0.998333
0.998344
0.998356
0.998367
0.998379
0.99839
0.998401
0.998412
0.998423
0.998434
0.998445
0.998456
0.998467
0.998477
0.998488
0.998498
0.998508
0.998519
0.998529
0.998539
0.998549
0.998559
0.998569
0.998579
0.998588
0.998598
0.998608
0.998617
0.998627
0.998636
0.998645
0.998654
0.998664
0.998673
0.998682
0.998691
0.9987
0.998708
0.998717
0.998726
0.998734
0.998743
