4 1 0.686523
4 2 0.686523
4 3 0.70166
4 4 0.667969
4 5 0.645752
4 6 0.531982
4 7 0.470947
4 8 0.516113
4 9 0.534668
4 10 0.571045
4 11 0.584473
4 12 0.537109
4 13 0.520996
4 14 0.538574
4 15 0.517334
4 16 0.505859
4 17 0.505859
4 18 0.520752
4 19 0.539795
4 20 0.503662
4 21 0.519775
4 22 0.507568
4 23 0.516602
4 24 0.505127
4 25 0.48584
4 26 0.489014
4 27 0.500977
4 28 0.500488
4 29 0.508789
4 30 0.491455
4 31 0.496338
4 32 0.488281
4 33 0.47998
4 34 0.479248
4 35 0.48999
4 36 0.491211
4 37 0.5
4 38 0.493652
4 39 0.482178
4 40 0.490479
4 41 0.499023
4 42 0.486328
4 43 0.486816
4 44 0.491455
4 45 0.491943
4 46 0.499023
4 47 0.490723
4 48 0.488525
4 49 0.479736
4 50 0.487793
4 51 0.485352
4 52 0.482422
4 53 0.490479
4 54 0.495117
4 55 0.512939
4 56 0.504639
4 57 0.503418
4 58 0.500244
4 59 0.499512
4 60 0.503662
4 61 0.491455
4 62 0.491943
4 63 0.485107
4 64 0.471191
4 65 0.4729
4 66 0.471191
4 67 0.470215
4 68 0.462646
4 69 0.463867
4 70 0.462891
4 71 0.444092
4 72 0.435059
4 73 0.427734
4 74 0.417969
4 75 0.41626
4 76 0.412842
4 77 0.395752
4 78 0.374756
4 79 0.377197
4 80 0.348877
4 81 0.336914
4 82 0.314697
4 83 0.310547
4 84 0.290527
4 85 0.270996
4 86 0.244873
4 87 0.213379
4 88 0.175537
4 89 0.153076
4 90 0.111328
4 91 0.0791016
4 92 0.0515137
4 93 0.0273438
4 94 0.00683594
4 95 0.00146484
4 96 0.000244141
4 97 0
4 98 0
4 99 0.372314
4 100 0.0891113
