4 1 0.1 0
4 1 0.3 0
4 1 0.5 0
4 1 0.7 0
4 1 0.9 0
4 1 1.1 0
4 1 1.3 0.000244141
4 1 1.5 0
4 1 1.7 0.000244141
4 1 1.9 0.00195312
4 1 2.1 0.00585938
4 1 2.3 0.0107422
4 1 2.5 0.0244141
4 1 2.7 0.0324707
4 1 2.9 0.0505371
4 1 3.1 0.0654297
4 1 3.3 0.0822754
4 1 3.5 0.0922852
4 1 3.7 0.122559
4 1 3.9 0.133545
4 1 4.1 0.154541
4 1 4.3 0.179443
4 1 4.5 0.199219
4 1 4.7 0.209717
4 1 4.9 0.23584
4 1 5.1 0.260742
4 1 5.3 0.276367
4 1 5.5 0.289551
4 1 5.7 0.301514
4 1 5.9 0.309814
4 1 6.1 0.339111
4 1 6.3 0.333252
4 1 6.5 0.358887
4 1 6.7 0.376465
4 1 6.9 0.378662
4 1 7.1 0.402832
4 1 7.3 0.407471
4 1 7.5 0.412842
4 1 7.7 0.419434
4 1 7.9 0.431641
4 1 8.1 0.428467
4 1 8.3 0.455322
4 1 8.5 0.460693
4 1 8.7 0.454346
4 1 8.9 0.466309
4 1 9.1 0.474365
4 1 9.3 0.475342
4 1 9.5 0.470947
4 1 9.7 0.477051
4 1 9.9 0.479736
4 1 10.1 0.46582
4 1 10.3 0.484619
4 1 10.5 0.482422
4 1 10.7 0.499512
4 1 10.9 0.499756
4 1 11.1 0.496582
4 1 11.3 0.505127
4 1 11.5 0.484619
4 1 11.7 0.496582
4 1 11.9 0.487061
4 1 12.1 0.50708
4 1 12.3 0.489502
4 1 12.5 0.497803
4 1 12.7 0.49585
4 1 12.9 0.502197
4 1 13.1 0.504395
4 1 13.3 0.504639
4 1 13.5 0.486328
4 1 13.7 0.48877
4 1 13.9 0.499512
