0.1 1 4 0.493652
0.2 1 4 0.507812
0.3 1 4 0.503418
0.4 1 4 0.498779
0.5 1 4 0.489502
0.6 1 4 0.491943
0.7 1 4 0.51123
0.8 1 4 0.494873
0.9 1 4 0.507812
1 1 4 0.503906
1.1 1 4 0.510254
1.2 1 4 0.502441
1.3 1 4 0.498047
1.4 1 4 0.485352
1.5 1 4 0.491211
1.6 1 4 0.483643
1.7 1 4 0.481689
1.8 1 4 0.459717
1.9 1 4 0.456055
2 1 4 0.43457
2.1 1 4 0.408691
2.2 1 4 0.416504
2.3 1 4 0.388916
2.4 1 4 0.369385
2.5 1 4 0.365479
2.6 1 4 0.341553
2.7 1 4 0.328369
2.8 1 4 0.30835
2.9 1 4 0.285889
3 1 4 0.270752
3.1 1 4 0.262939
3.2 1 4 0.231689
3.3 1 4 0.226562
3.4 1 4 0.218994
3.5 1 4 0.194336
3.6 1 4 0.199951
3.7 1 4 0.17627
3.8 1 4 0.171387
3.9 1 4 0.15625
4 1 4 0.143555
4.1 1 4 0.131348
4.2 1 4 0.126709
4.3 1 4 0.121582
4.4 1 4 0.105225
4.5 1 4 0.108643
4.6 1 4 0.101074
4.7 1 4 0.0927734
4.8 1 4 0.0776367
4.9 1 4 0.0791016
5 1 4 0.0715332
5.1 1 4 0.0664062
5.2 1 4 0.0571289
5.3 1 4 0.0571289
5.4 1 4 0.048584
5.5 1 4 0.0458984
5.6 1 4 0.0441895
5.7 1 4 0.0339355
5.8 1 4 0.0393066
5.9 1 4 0.0375977
6 1 4 0.0290527
6.1 1 4 0.0288086
6.2 1 4 0.0249023
6.3 1 4 0.0224609
6.4 1 4 0.0227051
6.5 1 4 0.0175781
6.6 1 4 0.0200195
6.7 1 4 0.0166016
6.8 1 4 0.0119629
6.9 1 4 0.0107422
7 1 4 0.0109863
7.1 1 4 0.0090332
7.2 1 4 0.00830078
7.3 1 4 0.0114746
7.4 1 4 0.00634766
7.5 1 4 0.0090332
7.6 1 4 0.00732422
7.7 1 4 0.00610352
7.8 1 4 0.00366211
7.9 1 4 0.00366211
8 1 4 0.00488281
8.1 1 4 0.00317383
8.2 1 4 0.00268555
8.3 1 4 0.00341797
8.4 1 4 0.00292969
8.5 1 4 0.00170898
8.6 1 4 0.00268555
8.7 1 4 0.00268555
8.8 1 4 0.00170898
8.9 1 4 0.00244141
9 1 4 0.0012207
9.1 1 4 0.00146484
9.2 1 4 0.00146484
9.3 1 4 0.000244141
9.4 1 4 0.000488281
9.5 1 4 0.000244141
9.6 1 4 0.000244141
9.7 1 4 0.000976562
9.8 1 4 0.000732422
9.9 1 4 0
10 1 4 0
